[__def_unsaved]
__coloradjust=1.00000000 0 0 0 256 192

[Default_5.0]
__coloradjust=1.02800000 0 -1 1 267 191
P_envcpName=31
P_mcpName=170
P_tcpName=174
P_tcpVolume=19

